!=============================
! H2* steady state abundances
!=============================
!--- T       =    27.46 K
!--- nH      = 1.00e+04 cm-3
!--- Av      =     0.04 mag
!--- RAD     =     1.00
!--- N_H2_0  = 1.33e+20 cm-2
!--- N_CO_0  = 2.79e+14 cm-2
!--- NH2_lev = 150     
!=============================
H2( 0, 0)    1.49e-02
H2( 0, 1)    1.40e-02
H2( 0, 2)    1.21e-02
H2( 0, 3)    1.02e-02
H2( 0, 4)    9.93e-03
H2( 0, 5)    9.49e-03
H2( 0, 6)    9.08e-03
H2( 0, 7)    8.75e-03
H2( 0, 8)    8.44e-03
H2( 1, 0)    7.54e-03
H2( 1, 1)    7.40e-03
H2( 1, 2)    7.37e-03
H2( 1, 3)    7.34e-03
H2( 0, 9)    8.18e-03
H2( 1, 4)    7.32e-03
H2( 1, 5)    7.30e-03
H2( 0,10)    7.93e-03
H2( 1, 6)    7.31e-03
H2( 0,11)    7.71e-03
H2( 1, 7)    7.36e-03
H2( 1, 8)    7.38e-03
H2( 2, 0)    7.02e-03
H2( 2, 1)    7.01e-03
H2( 0,12)    7.50e-03
H2( 2, 2)    6.97e-03
H2( 2, 3)    6.95e-03
H2( 1, 9)    7.40e-03
H2( 2, 4)    6.90e-03
H2( 0,13)    7.32e-03
H2( 2, 5)    6.88e-03
H2( 1,10)    7.36e-03
H2( 2, 6)    6.85e-03
H2( 0,14)    7.15e-03
H2( 1,11)    7.32e-03
H2( 2, 7)    6.85e-03
H2( 2, 8)    6.85e-03
H2( 3, 0)    6.75e-03
H2( 3, 1)    6.71e-03
H2( 1,12)    7.20e-03
H2( 3, 2)    6.67e-03
H2( 0,15)    7.00e-03
H2( 3, 3)    6.66e-03
H2( 2, 9)    6.88e-03
H2( 3, 4)    6.60e-03
H2( 1,13)    7.11e-03
H2( 3, 5)    6.58e-03
H2( 0,16)    6.85e-03
H2( 2,10)    6.87e-03
H2( 3, 6)    6.54e-03
H2( 1,14)    6.95e-03
H2( 2,11)    6.88e-03
H2( 3, 7)    6.53e-03
H2( 0,17)    6.73e-03
H2( 3, 8)    6.51e-03
H2( 4, 0)    6.47e-03
H2( 4, 1)    6.45e-03
H2( 4, 2)    6.43e-03
H2( 2,12)    6.82e-03
H2( 1,15)    6.84e-03
H2( 4, 3)    6.44e-03
H2( 3, 9)    6.52e-03
H2( 4, 4)    6.35e-03
H2( 0,18)    6.60e-03
H2( 2,13)    6.77e-03
H2( 4, 5)    6.35e-03
H2( 3,10)    6.50e-03
H2( 1,16)    6.66e-03
H2( 4, 6)    6.28e-03
H2( 0,19)    6.49e-03
H2( 2,14)    6.65e-03
H2( 4, 7)    6.27e-03
H2( 3,11)    6.51e-03
H2( 1,17)    6.56e-03
H2( 5, 0)    6.22e-03
H2( 4, 8)    6.24e-03
H2( 5, 1)    6.21e-03
H2( 5, 2)    6.25e-03
H2( 3,12)    6.47e-03
H2( 2,15)    6.56e-03
H2( 5, 3)    6.17e-03
H2( 0,20)    6.36e-03
H2( 4, 9)    6.24e-03
H2( 5, 4)    6.12e-03
H2( 1,18)    6.37e-03
H2( 5, 5)    6.11e-03
H2( 3,13)    6.46e-03
H2( 4,10)    6.20e-03
H2( 2,16)    6.38e-03
H2( 5, 6)    6.05e-03
H2( 0,21)    6.25e-03
H2( 5, 7)    6.02e-03
H2( 3,14)    6.36e-03
H2( 4,11)    6.21e-03
H2( 1,19)    6.31e-03
H2( 2,17)    6.25e-03
H2( 6, 0)    6.02e-03
H2( 5, 8)    6.00e-03
H2( 6, 1)    5.99e-03
H2( 6, 2)    5.98e-03
H2( 4,12)    6.16e-03
H2( 6, 3)    5.97e-03
H2( 3,15)    6.30e-03
H2( 0,22)    6.04e-03
H2( 5, 9)    5.99e-03
H2( 6, 4)    5.88e-03
H2( 1,20)    6.06e-03
H2( 2,18)    5.97e-03
H2( 6, 5)    6.12e-03
H2( 4,13)    6.15e-03
H2( 5,10)    5.97e-03
H2( 3,16)    6.13e-03
H2( 6, 6)    5.80e-03
H2( 0,23)    6.00e-03
H2( 1,21)    6.02e-03
H2( 6, 7)    5.82e-03
H2( 5,11)    5.90e-03
H2( 4,14)    6.04e-03
H2( 2,19)    5.76e-03
H2( 7, 0)    6.36e-03
H2( 3,17)    6.04e-03
H2( 6, 8)    5.80e-03
H2( 7, 1)    5.79e-03
H2( 7, 2)    5.77e-03
H2( 5,12)    5.91e-03
H2( 7, 3)    5.74e-03
H2( 4,15)    6.00e-03
H2( 6, 9)    5.81e-03
H2( 7, 4)    5.74e-03
H2( 1,22)    5.79e-03
H2( 0,24)    5.62e-03
H2( 2,20)    5.80e-03
H2( 7, 5)    5.72e-03
H2( 3,18)    5.87e-03
H2( 5,13)    5.85e-03
H2( 6,10)    5.77e-03
H2( 7, 6)    5.66e-03
H2( 4,16)    5.86e-03
H2( 7, 7)    5.67e-03
H2( 6,11)    5.78e-03
H2( 1,23)    5.72e-03
H2( 5,14)    5.86e-03
H2( 2,21)    5.77e-03
H2( 0,25)    5.63e-03
H2( 3,19)    5.57e-03
H2( 8, 0)    5.66e-03
H2( 8, 1)    5.65e-03
H2( 7, 8)    5.44e-03
H2( 4,17)    5.85e-03
H2( 8, 2)    5.64e-03
H2( 8, 3)    5.54e-03
