#     Vn (<jump)        Vi (<jump)        Vn (>jump)        Vi (>jump)  
    4.773030E+06      1.105178E+06      1.310078E+06      1.105178E+06
    4.770607E+06      1.104188E+06      1.309816E+06      1.104188E+06
    4.768815E+06      1.103457E+06      1.309625E+06      1.103457E+06
    4.767018E+06      1.102727E+06      1.309434E+06      1.102727E+06
    4.765216E+06      1.101996E+06      1.309244E+06      1.101996E+06
    4.763410E+06      1.101266E+06      1.309055E+06      1.101266E+06
    4.761600E+06      1.100536E+06      1.308867E+06      1.100536E+06
    4.760275E+06      1.100003E+06      1.308730E+06      1.100003E+06
    4.758948E+06      1.099471E+06      1.308594E+06      1.099471E+06
    4.757618E+06      1.098938E+06      1.308458E+06      1.098938E+06
    4.756286E+06      1.098405E+06      1.308323E+06      1.098405E+06
    4.754951E+06      1.097873E+06      1.308189E+06      1.097873E+06
    4.754025E+06      1.097504E+06      1.308096E+06      1.097504E+06
    4.753379E+06      1.097247E+06      1.308031E+06      1.097247E+06
    4.752907E+06      1.097059E+06      1.307984E+06      1.097059E+06
    4.752434E+06      1.096871E+06      1.307937E+06      1.096871E+06
    4.751961E+06      1.096683E+06      1.307890E+06      1.096683E+06
    4.751487E+06      1.096495E+06      1.307844E+06      1.096495E+06
    4.751013E+06      1.096307E+06      1.307797E+06      1.096307E+06
    4.750539E+06      1.096120E+06      1.307750E+06      1.096120E+06
    4.750064E+06      1.095932E+06      1.307703E+06      1.095932E+06
    4.749323E+06      1.095638E+06      1.307631E+06      1.095638E+06
    4.748580E+06      1.095345E+06      1.307558E+06      1.095345E+06
    4.747837E+06      1.095052E+06      1.307486E+06      1.095052E+06
    4.746708E+06      1.094607E+06      1.307376E+06      1.094607E+06
    4.744837E+06      1.093871E+06      1.307196E+06      1.093871E+06
    4.742960E+06      1.093135E+06      1.307017E+06      1.093135E+06
    4.741077E+06      1.092400E+06      1.306839E+06      1.092400E+06
    4.738003E+06      1.091202E+06      1.306553E+06      1.091202E+06
    4.734912E+06      1.090004E+06      1.306269E+06      1.090004E+06
    4.731805E+06      1.088805E+06      1.305989E+06      1.088805E+06
    4.728682E+06      1.087606E+06      1.305712E+06      1.087606E+06
    4.725541E+06      1.086406E+06      1.305439E+06      1.086406E+06
    4.722383E+06      1.085205E+06      1.305169E+06      1.085205E+06
    4.719206E+06      1.084002E+06      1.304903E+06      1.084002E+06
    4.716011E+06      1.082799E+06      1.304641E+06      1.082799E+06
    4.712796E+06      1.081594E+06      1.304383E+06      1.081594E+06
    4.709561E+06      1.080388E+06      1.304129E+06      1.080388E+06
    4.706305E+06      1.079179E+06      1.303879E+06      1.079179E+06
    4.703027E+06      1.077969E+06      1.303633E+06      1.077969E+06
    4.699728E+06      1.076758E+06      1.303392E+06      1.076758E+06
    4.696405E+06      1.075543E+06      1.303155E+06      1.075543E+06
    4.693059E+06      1.074327E+06      1.302923E+06      1.074327E+06
    4.689688E+06      1.073108E+06      1.302696E+06      1.073108E+06
    4.686291E+06      1.071886E+06      1.302474E+06      1.071886E+06
    4.682869E+06      1.070662E+06      1.302257E+06      1.070662E+06
    4.679419E+06      1.069434E+06      1.302046E+06      1.069434E+06
    4.677281E+06      1.068677E+06      1.301919E+06      1.068677E+06
    4.675132E+06      1.067918E+06      1.301794E+06      1.067918E+06
    4.672971E+06      1.067157E+06      1.301671E+06      1.067157E+06
    4.670800E+06      1.066396E+06      1.301550E+06      1.066396E+06
    4.668616E+06      1.065633E+06      1.301432E+06      1.065633E+06
    4.666421E+06      1.064868E+06      1.301316E+06      1.064868E+06
    4.664214E+06      1.064102E+06      1.301202E+06      1.064102E+06
    4.661994E+06      1.063334E+06      1.301091E+06      1.063334E+06
    4.659761E+06      1.062565E+06      1.300983E+06      1.062565E+06
    4.657516E+06      1.061794E+06      1.300877E+06      1.061794E+06
    4.655257E+06      1.061021E+06      1.300774E+06      1.061021E+06
    4.652984E+06      1.060246E+06      1.300673E+06      1.060246E+06
    4.650698E+06      1.059469E+06      1.300576E+06      1.059469E+06
    4.648397E+06      1.058690E+06      1.300481E+06      1.058690E+06
    4.646081E+06      1.057909E+06      1.300389E+06      1.057909E+06
    4.643751E+06      1.057126E+06      1.300300E+06      1.057126E+06
    4.641405E+06      1.056341E+06      1.300214E+06      1.056341E+06
    4.639044E+06      1.055554E+06      1.300132E+06      1.055554E+06
    4.636666E+06      1.054764E+06      1.300052E+06      1.054764E+06
    4.634272E+06      1.053971E+06      1.299976E+06      1.053971E+06
    4.631862E+06      1.053177E+06      1.299904E+06      1.053177E+06
    4.629434E+06      1.052379E+06      1.299835E+06      1.052379E+06
    4.626988E+06      1.051579E+06      1.299769E+06      1.051579E+06
    4.624524E+06      1.050776E+06      1.299707E+06      1.050776E+06
    4.622042E+06      1.049971E+06      1.299649E+06      1.049971E+06
    4.619540E+06      1.049162E+06      1.299595E+06      1.049162E+06
    4.617019E+06      1.048351E+06      1.299545E+06      1.048351E+06
    4.614478E+06      1.047536E+06      1.299499E+06      1.047536E+06
    4.611916E+06      1.046718E+06      1.299457E+06      1.046718E+06
    4.609333E+06      1.045897E+06      1.299419E+06      1.045897E+06
    4.606729E+06      1.045072E+06      1.299386E+06      1.045072E+06
    4.604102E+06      1.044244E+06      1.299358E+06      1.044244E+06
    4.601453E+06      1.043412E+06      1.299334E+06      1.043412E+06
    4.598780E+06      1.042576E+06      1.299315E+06      1.042576E+06
    4.596083E+06      1.041736E+06      1.299302E+06      1.041736E+06
    4.593362E+06      1.040893E+06      1.299293E+06      1.040893E+06
    4.590615E+06      1.040045E+06      1.299289E+06      1.040045E+06
    4.587842E+06      1.039193E+06      1.299292E+06      1.039193E+06
    4.585042E+06      1.038337E+06      1.299299E+06      1.038337E+06
    4.582215E+06      1.037476E+06      1.299313E+06      1.037476E+06
    4.579359E+06      1.036611E+06      1.299332E+06      1.036611E+06
    4.576474E+06      1.035741E+06      1.299358E+06      1.035741E+06
    4.573560E+06      1.034865E+06      1.299390E+06      1.034865E+06
    4.570614E+06      1.033985E+06      1.299429E+06      1.033985E+06
    4.567637E+06      1.033100E+06      1.299475E+06      1.033100E+06
    4.564627E+06      1.032209E+06      1.299527E+06      1.032209E+06
    4.561584E+06      1.031312E+06      1.299587E+06      1.031312E+06
    4.558506E+06      1.030410E+06      1.299654E+06      1.030410E+06
    4.555392E+06      1.029502E+06      1.299729E+06      1.029502E+06
    4.552242E+06      1.028587E+06      1.299812E+06      1.028587E+06
    4.549054E+06      1.027666E+06      1.299904E+06      1.027666E+06
    4.545827E+06      1.026739E+06      1.300004E+06      1.026739E+06
    4.542560E+06      1.025805E+06      1.300113E+06      1.025805E+06
    4.539251E+06      1.024864E+06      1.300231E+06      1.024864E+06
    4.535900E+06      1.023916E+06      1.300359E+06      1.023916E+06
    4.532504E+06      1.022961E+06      1.300496E+06      1.022961E+06
    4.529063E+06      1.021998E+06      1.300644E+06      1.021998E+06
    4.525575E+06      1.021027E+06      1.300802E+06      1.021027E+06
    4.522038E+06      1.020048E+06      1.300972E+06      1.020048E+06
    4.519853E+06      1.019446E+06      1.301081E+06      1.019446E+06
    4.517648E+06      1.018840E+06      1.301194E+06      1.018840E+06
    4.515424E+06      1.018232E+06      1.301312E+06      1.018232E+06
    4.513181E+06      1.017620E+06      1.301435E+06      1.017620E+06
    4.510917E+06      1.017004E+06      1.301562E+06      1.017004E+06
    4.508632E+06      1.016385E+06      1.301694E+06      1.016385E+06
    4.506326E+06      1.015763E+06      1.301831E+06      1.015763E+06
    4.503999E+06      1.015137E+06      1.301973E+06      1.015137E+06
    4.501649E+06      1.014507E+06      1.302120E+06      1.014507E+06
    4.499277E+06      1.013874E+06      1.302272E+06      1.013874E+06
    4.496882E+06      1.013237E+06      1.302430E+06      1.013237E+06
    4.494464E+06      1.012596E+06      1.302593E+06      1.012596E+06
    4.492021E+06      1.011951E+06      1.302762E+06      1.011951E+06
    4.489554E+06      1.011302E+06      1.302937E+06      1.011302E+06
    4.487063E+06      1.010648E+06      1.303118E+06      1.010648E+06
    4.484545E+06      1.009991E+06      1.303304E+06      1.009991E+06
    4.482002E+06      1.009329E+06      1.303497E+06      1.009329E+06
    4.479431E+06      1.008663E+06      1.303697E+06      1.008663E+06
    4.476834E+06      1.007993E+06      1.303903E+06      1.007993E+06
    4.474208E+06      1.007317E+06      1.304115E+06      1.007317E+06
    4.471554E+06      1.006638E+06      1.304335E+06      1.006638E+06
    4.468871E+06      1.005953E+06      1.304562E+06      1.005953E+06
    4.466158E+06      1.005264E+06      1.304796E+06      1.005264E+06
    4.463415E+06      1.004569E+06      1.305037E+06      1.004569E+06
    4.461674E+06      1.004130E+06      1.305193E+06      1.004130E+06
    4.459921E+06      1.003689E+06      1.305352E+06      1.003689E+06
    4.458154E+06      1.003245E+06      1.305514E+06      1.003245E+06
    4.456375E+06      1.002800E+06      1.305679E+06      1.002800E+06
    4.454583E+06      1.002353E+06      1.305847E+06      1.002353E+06
    4.452778E+06      1.001903E+06      1.306019E+06      1.001903E+06
    4.450959E+06      1.001451E+06      1.306194E+06      1.001451E+06
    4.449127E+06      1.000997E+06      1.306372E+06      1.000997E+06
    4.447281E+06      1.000541E+06      1.306554E+06      1.000541E+06
    4.445420E+06      1.000082E+06      1.306739E+06      1.000082E+06
    4.443546E+06      9.996216E+05      1.306928E+06      9.996216E+05
    4.441656E+06      9.991585E+05      1.307121E+06      9.991585E+05
    4.439753E+06      9.986931E+05      1.307317E+06      9.986931E+05
    4.437834E+06      9.982253E+05      1.307517E+06      9.982253E+05
    4.435900E+06      9.977550E+05      1.307721E+06      9.977550E+05
    4.433951E+06      9.972823E+05      1.307929E+06      9.972823E+05
    4.431986E+06      9.968072E+05      1.308141E+06      9.968072E+05
    4.430005E+06      9.963295E+05      1.308357E+06      9.963295E+05
    4.428008E+06      9.958492E+05      1.308576E+06      9.958492E+05
    4.425995E+06      9.953664E+05      1.308801E+06      9.953664E+05
    4.423965E+06      9.948810E+05      1.309029E+06      9.948810E+05
    4.421918E+06      9.943929E+05      1.309262E+06      9.943929E+05
    4.419855E+06      9.939022E+05      1.309499E+06      9.939022E+05
    4.417774E+06      9.934087E+05      1.309740E+06      9.934087E+05
    4.415675E+06      9.929124E+05      1.309987E+06      9.929124E+05
    4.413558E+06      9.924133E+05      1.310237E+06      9.924133E+05
    4.411423E+06      9.919114E+05      1.310493E+06      9.919114E+05
    4.409269E+06      9.914066E+05      1.310753E+06      9.914066E+05
    4.407097E+06      9.908989E+05      1.311019E+06      9.908989E+05
    4.404906E+06      9.903882E+05      1.311289E+06      9.903882E+05
    4.402695E+06      9.898745E+05      1.311564E+06      9.898745E+05
    4.400464E+06      9.893578E+05      1.311845E+06      9.893578E+05
    4.398214E+06      9.888380E+05      1.312131E+06      9.888380E+05
    4.395943E+06      9.883151E+05      1.312422E+06      9.883151E+05
    4.393651E+06      9.877889E+05      1.312719E+06      9.877889E+05
    4.391339E+06      9.872596E+05      1.313021E+06      9.872596E+05
    4.389005E+06      9.867270E+05      1.313329E+06      9.867270E+05
    4.386649E+06      9.861911E+05      1.313643E+06      9.861911E+05
    4.384271E+06      9.856518E+05      1.313963E+06      9.856518E+05
    4.381871E+06      9.851091E+05      1.314288E+06      9.851091E+05
    4.379447E+06      9.845629E+05      1.314620E+06      9.845629E+05
    4.377001E+06      9.840133E+05      1.314958E+06      9.840133E+05
    4.374531E+06      9.834601E+05      1.315303E+06      9.834601E+05
    4.372037E+06      9.829033E+05      1.315654E+06      9.829033E+05
    4.369519E+06      9.823428E+05      1.316011E+06      9.823428E+05
    4.366976E+06      9.817787E+05      1.316376E+06      9.817787E+05
    4.364407E+06      9.812107E+05      1.316747E+06      9.812107E+05
    4.361813E+06      9.806390E+05      1.317125E+06      9.806390E+05
    4.359193E+06      9.800633E+05      1.317511E+06      9.800633E+05
    4.356547E+06      9.794838E+05      1.317903E+06      9.794838E+05
    4.353873E+06      9.789003E+05      1.318303E+06      9.789003E+05
    4.351172E+06      9.783127E+05      1.318711E+06      9.783127E+05
    4.348443E+06      9.777210E+05      1.319126E+06      9.777210E+05
    4.345686E+06      9.771252E+05      1.319550E+06      9.771252E+05
    4.342899E+06      9.765251E+05      1.319981E+06      9.765251E+05
    4.340083E+06      9.759208E+05      1.320421E+06      9.759208E+05
    4.337238E+06      9.753121E+05      1.320868E+06      9.753121E+05
    4.334362E+06      9.746990E+05      1.321325E+06      9.746990E+05
    4.331454E+06      9.740815E+05      1.321790E+06      9.740815E+05
    4.328516E+06      9.734594E+05      1.322264E+06      9.734594E+05
    4.325545E+06      9.728327E+05      1.322747E+06      9.728327E+05
    4.322542E+06      9.722013E+05      1.323239E+06      9.722013E+05
    4.319505E+06      9.715652E+05      1.323741E+06      9.715652E+05
    4.316434E+06      9.709243E+05      1.324253E+06      9.709243E+05
    4.313329E+06      9.702786E+05      1.324774E+06      9.702786E+05
    4.310189E+06      9.696278E+05      1.325305E+06      9.696278E+05
    4.307013E+06      9.689721E+05      1.325846E+06      9.689721E+05
    4.303801E+06      9.683112E+05      1.326398E+06      9.683112E+05
    4.300552E+06      9.676452E+05      1.326961E+06      9.676452E+05
    4.297265E+06      9.669740E+05      1.327534E+06      9.669740E+05
    4.293940E+06      9.662974E+05      1.328119E+06      9.662974E+05
    4.290575E+06      9.656154E+05      1.328715E+06      9.656154E+05
    4.287171E+06      9.649279E+05      1.329323E+06      9.649279E+05
    4.283726E+06      9.642349E+05      1.329942E+06      9.642349E+05
    4.280240E+06      9.635362E+05      1.330574E+06      9.635362E+05
    4.276712E+06      9.628319E+05      1.331217E+06      9.628319E+05
    4.273141E+06      9.621217E+05      1.331874E+06      9.621217E+05
    4.269526E+06      9.614055E+05      1.332543E+06      9.614055E+05
    4.265867E+06      9.606835E+05      1.333226E+06      9.606835E+05
    4.262162E+06      9.599553E+05      1.333922E+06      9.599553E+05
    4.258412E+06      9.592210E+05      1.334632E+06      9.592210E+05
    4.254614E+06      9.584804E+05      1.335355E+06      9.584804E+05
    4.250768E+06      9.577335E+05      1.336093E+06      9.577335E+05
    4.246873E+06      9.569802E+05      1.336846E+06      9.569802E+05
    4.242929E+06      9.562203E+05      1.337614E+06      9.562203E+05
    4.238934E+06      9.554538E+05      1.338397E+06      9.554538E+05
    4.234887E+06      9.546806E+05      1.339196E+06      9.546806E+05
    4.230788E+06      9.539005E+05      1.340011E+06      9.539005E+05
    4.226635E+06      9.531136E+05      1.340842E+06      9.531136E+05
    4.222427E+06      9.523196E+05      1.341690E+06      9.523196E+05
    4.218163E+06      9.515185E+05      1.342555E+06      9.515185E+05
    4.213842E+06      9.507101E+05      1.343437E+06      9.507101E+05
    4.209463E+06      9.498945E+05      1.344337E+06      9.498945E+05
    4.206708E+06      9.493831E+05      1.344907E+06      9.493831E+05
    4.203930E+06      9.488687E+05      1.345484E+06      9.488687E+05
    4.201128E+06      9.483515E+05      1.346068E+06      9.483515E+05
    4.198302E+06      9.478313E+05      1.346659E+06      9.478313E+05
    4.195453E+06      9.473081E+05      1.347258E+06      9.473081E+05
    4.192579E+06      9.467819E+05      1.347865E+06      9.467819E+05
    4.189680E+06      9.462526E+05      1.348479E+06      9.462526E+05
    4.186757E+06      9.457203E+05      1.349101E+06      9.457203E+05
    4.183808E+06      9.451849E+05      1.349731E+06      9.451849E+05
    4.179242E+06      9.443589E+05      1.350711E+06      9.443589E+05
    4.174616E+06      9.435254E+05      1.351711E+06      9.435254E+05
    4.169927E+06      9.426844E+05      1.352731E+06      9.426844E+05
    4.165174E+06      9.418358E+05      1.353770E+06      9.418358E+05
    4.160357E+06      9.409795E+05      1.354831E+06      9.409795E+05
    4.155474E+06      9.401154E+05      1.355912E+06      9.401154E+05
    4.150523E+06      9.392433E+05      1.357015E+06      9.392433E+05
    4.145505E+06      9.383631E+05      1.358140E+06      9.383631E+05
    4.140416E+06      9.374748E+05      1.359288E+06      9.374748E+05
    4.137141E+06      9.369054E+05      1.360030E+06      9.369054E+05
    4.134857E+06      9.365091E+05      1.360549E+06      9.365091E+05
    4.132558E+06      9.361112E+05      1.361073E+06      9.361112E+05
    4.130246E+06      9.357117E+05      1.361602E+06      9.357117E+05
    4.127919E+06      9.353105E+05      1.362135E+06      9.353105E+05
    4.125577E+06      9.349077E+05      1.362673E+06      9.349077E+05
    4.123221E+06      9.345032E+05      1.363216E+06      9.345032E+05
    4.120850E+06      9.340970E+05      1.363764E+06      9.340970E+05
    4.118465E+06      9.336892E+05      1.364316E+06      9.336892E+05
    4.116064E+06      9.332797E+05      1.364874E+06      9.332797E+05
    4.113649E+06      9.328684E+05      1.365436E+06      9.328684E+05
    4.111218E+06      9.324555E+05      1.366004E+06      9.324555E+05
    4.108771E+06      9.320408E+05      1.366576E+06      9.320408E+05
    4.106310E+06      9.316244E+05      1.367154E+06      9.316244E+05
    4.103832E+06      9.312063E+05      1.367737E+06      9.312063E+05
    4.101339E+06      9.307864E+05      1.368325E+06      9.307864E+05
    4.098830E+06      9.303647E+05      1.368918E+06      9.303647E+05
    4.096305E+06      9.299413E+05      1.369517E+06      9.299413E+05
    4.093763E+06      9.295161E+05      1.370122E+06      9.295161E+05
    4.091206E+06      9.290891E+05      1.370731E+06      9.290891E+05
    4.088632E+06      9.286603E+05      1.371346E+06      9.286603E+05
    4.086041E+06      9.282297E+05      1.371967E+06      9.282297E+05
    4.083434E+06      9.277972E+05      1.372594E+06      9.277972E+05
    4.080809E+06      9.273629E+05      1.373226E+06      9.273629E+05
    4.078168E+06      9.269268E+05      1.373864E+06      9.269268E+05
    4.075509E+06      9.264889E+05      1.374508E+06      9.264889E+05
    4.072833E+06      9.260491E+05      1.375157E+06      9.260491E+05
    4.070140E+06      9.256074E+05      1.375813E+06      9.256074E+05
    4.067429E+06      9.251638E+05      1.376474E+06      9.251638E+05
    4.064700E+06      9.247183E+05      1.377142E+06      9.247183E+05
    4.061953E+06      9.242710E+05      1.377816E+06      9.242710E+05
    4.060086E+06      9.239674E+05      1.378275E+06      9.239674E+05
    4.058210E+06      9.236630E+05      1.378737E+06      9.236630E+05
    4.056326E+06      9.233577E+05      1.379202E+06      9.233577E+05
    4.054434E+06      9.230515E+05      1.379669E+06      9.230515E+05
    4.052533E+06      9.227445E+05      1.380140E+06      9.227445E+05
    4.050623E+06      9.224365E+05      1.380614E+06      9.224365E+05
    4.048705E+06      9.221277E+05      1.381090E+06      9.221277E+05
    4.046778E+06      9.218179E+05      1.381570E+06      9.218179E+05
    4.044843E+06      9.215073E+05      1.382052E+06      9.215073E+05
    4.042899E+06      9.211957E+05      1.382538E+06      9.211957E+05
    4.041592E+06      9.209866E+05      1.382865E+06      9.209866E+05
    4.040281E+06      9.207771E+05      1.383193E+06      9.207771E+05
    4.038967E+06      9.205672E+05      1.383523E+06      9.205672E+05
    4.037648E+06      9.203569E+05      1.383854E+06      9.203569E+05
    4.036326E+06      9.201461E+05      1.384186E+06      9.201461E+05
    4.034999E+06      9.199350E+05      1.384520E+06      9.199350E+05
    4.033668E+06      9.197234E+05      1.384855E+06      9.197234E+05
    4.032334E+06      9.195114E+05      1.385192E+06      9.195114E+05
    4.030995E+06      9.192990E+05      1.385530E+06      9.192990E+05
    4.029652E+06      9.190862E+05      1.385869E+06      9.190862E+05
    4.028305E+06      9.188730E+05      1.386210E+06      9.188730E+05
    4.026954E+06      9.186594E+05      1.386553E+06      9.186594E+05
    4.025599E+06      9.184453E+05      1.386896E+06      9.184453E+05
    4.024240E+06      9.182308E+05      1.387242E+06      9.182308E+05
    4.022876E+06      9.180159E+05      1.387588E+06      9.180159E+05
    4.021508E+06      9.178006E+05      1.387937E+06      9.178006E+05
    4.020136E+06      9.175849E+05      1.388286E+06      9.175849E+05
    4.018760E+06      9.173687E+05      1.388638E+06      9.173687E+05
    4.017380E+06      9.171521E+05      1.388990E+06      9.171521E+05
    4.015995E+06      9.169351E+05      1.389345E+06      9.169351E+05
    4.014606E+06      9.167177E+05      1.389700E+06      9.167177E+05
    4.013213E+06      9.164998E+05      1.390058E+06      9.164998E+05
    4.011815E+06      9.162815E+05      1.390416E+06      9.162815E+05
    4.010414E+06      9.160628E+05      1.390777E+06      9.160628E+05
    4.009007E+06      9.158437E+05      1.391139E+06      9.158437E+05
    4.007597E+06      9.156241E+05      1.391502E+06      9.156241E+05
    4.006182E+06      9.154041E+05      1.391867E+06      9.154041E+05
    4.004762E+06      9.151836E+05      1.392234E+06      9.151836E+05
    4.003768E+06      9.150294E+05      1.392491E+06      9.150294E+05
    4.002772E+06      9.148749E+05      1.392749E+06      9.148749E+05
    4.001774E+06      9.147203E+05      1.393007E+06      9.147203E+05
    4.000773E+06      9.145654E+05      1.393266E+06      9.145654E+05
    3.999770E+06      9.144103E+05      1.393527E+06      9.144103E+05
    3.998765E+06      9.142550E+05      1.393787E+06      9.142550E+05
    3.997758E+06      9.140994E+05      1.394049E+06      9.140994E+05
    3.996194E+06      9.138582E+05      1.394456E+06      9.138582E+05
    3.994625E+06      9.136165E+05      1.394865E+06      9.136165E+05
    3.992174E+06      9.132394E+05      1.395504E+06      9.132394E+05
    3.989709E+06      9.128611E+05      1.396148E+06      9.128611E+05
    3.985401E+06      9.122015E+05      1.397278E+06      9.122015E+05
    3.981053E+06      9.115381E+05      1.398421E+06      9.115381E+05
    3.976665E+06      9.108709E+05      1.399580E+06      9.108709E+05
    3.972236E+06      9.101999E+05      1.400753E+06      9.101999E+05
    3.967766E+06      9.095249E+05      1.401941E+06      9.095249E+05
    3.963254E+06      9.088460E+05      1.403145E+06      9.088460E+05
    3.958700E+06      9.081632E+05      1.404364E+06      9.081632E+05
    3.954103E+06      9.074765E+05      1.405600E+06      9.074765E+05
    3.949463E+06      9.067858E+05      1.406851E+06      9.067858E+05
    3.944778E+06      9.060910E+05      1.408119E+06      9.060910E+05
    3.940049E+06      9.053923E+05      1.409403E+06      9.053923E+05
    3.935276E+06      9.046894E+05      1.410704E+06      9.046894E+05
    3.930456E+06      9.039825E+05      1.412023E+06      9.039825E+05
    3.925591E+06      9.032715E+05      1.413359E+06      9.032715E+05
    3.920679E+06      9.025564E+05      1.414713E+06      9.025564E+05
    3.915719E+06      9.018371E+05      1.416084E+06      9.018371E+05
    3.910712E+06      9.011136E+05      1.417475E+06      9.011136E+05
    3.905656E+06      9.003860E+05      1.418883E+06      9.003860E+05
    3.900551E+06      8.996541E+05      1.420311E+06      8.996541E+05
    3.895396E+06      8.989180E+05      1.421758E+06      8.989180E+05
    3.890191E+06      8.981776E+05      1.423225E+06      8.981776E+05
    3.884935E+06      8.974329E+05      1.424712E+06      8.974329E+05
    3.879627E+06      8.966839E+05      1.426219E+06      8.966839E+05
    3.874267E+06      8.959305E+05      1.427746E+06      8.959305E+05
    3.868853E+06      8.951728E+05      1.429295E+06      8.951728E+05
    3.863386E+06      8.944108E+05      1.430865E+06      8.944108E+05
    3.857865E+06      8.936443E+05      1.432457E+06      8.936443E+05
    3.852289E+06      8.928734E+05      1.434071E+06      8.928734E+05
    3.848742E+06      8.923848E+05      1.435101E+06      8.923848E+05
    3.845174E+06      8.918945E+05      1.436139E+06      8.918945E+05
    3.841583E+06      8.914024E+05      1.437187E+06      8.914024E+05
    3.837969E+06      8.909085E+05      1.438245E+06      8.909085E+05
    3.834332E+06      8.904128E+05      1.439311E+06      8.904128E+05
    3.830672E+06      8.899153E+05      1.440387E+06      8.899153E+05
    3.826989E+06      8.894160E+05      1.441473E+06      8.894160E+05
    3.823282E+06      8.889149E+05      1.442568E+06      8.889149E+05
    3.819551E+06      8.884120E+05      1.443673E+06      8.884120E+05
    3.815797E+06      8.879073E+05      1.444789E+06      8.879073E+05
    3.812018E+06      8.874008E+05      1.445914E+06      8.874008E+05
    3.808215E+06      8.868924E+05      1.447049E+06      8.868924E+05
    3.804387E+06      8.863822E+05      1.448195E+06      8.863822E+05
    3.800535E+06      8.858702E+05      1.449351E+06      8.858702E+05
    3.796657E+06      8.853563E+05      1.450518E+06      8.853563E+05
    3.792755E+06      8.848405E+05      1.451695E+06      8.848405E+05
    3.788824E+06      8.843226E+05      1.452884E+06      8.843226E+05
    3.784864E+06      8.838023E+05      1.454086E+06      8.838023E+05
    3.780872E+06      8.832795E+05      1.455300E+06      8.832795E+05
    3.776850E+06      8.827541E+05      1.456527E+06      8.827541E+05
    3.772795E+06      8.822262E+05      1.457767E+06      8.822262E+05
    3.768709E+06      8.816958E+05      1.459020E+06      8.816958E+05
    3.764590E+06      8.811628E+05      1.460287E+06      8.811628E+05
    3.760439E+06      8.806273E+05      1.461567E+06      8.806273E+05
    3.756255E+06      8.800892E+05      1.462861E+06      8.800892E+05
    3.752037E+06      8.795484E+05      1.464170E+06      8.795484E+05
    3.747786E+06      8.790051E+05      1.465492E+06      8.790051E+05
    3.743501E+06      8.784592E+05      1.466829E+06      8.784592E+05
    3.739181E+06      8.779106E+05      1.468181E+06      8.779106E+05
    3.734826E+06      8.773593E+05      1.469548E+06      8.773593E+05
    3.730436E+06      8.768054E+05      1.470929E+06      8.768054E+05
    3.726010E+06      8.762489E+05      1.472327E+06      8.762489E+05
    3.721548E+06      8.756896E+05      1.473739E+06      8.756896E+05
    3.717050E+06      8.751276E+05      1.475168E+06      8.751276E+05
    3.712515E+06      8.745629E+05      1.476613E+06      8.745629E+05
    3.707942E+06      8.739955E+05      1.478074E+06      8.739955E+05
    3.703331E+06      8.734253E+05      1.479552E+06      8.734253E+05
    3.698682E+06      8.728524E+05      1.481047E+06      8.728524E+05
    3.693994E+06      8.722767E+05      1.482559E+06      8.722767E+05
    3.689267E+06      8.716982E+05      1.484089E+06      8.716982E+05
    3.684501E+06      8.711169E+05      1.485636E+06      8.711169E+05
    3.679694E+06      8.705328E+05      1.487201E+06      8.705328E+05
    3.674846E+06      8.699458E+05      1.488785E+06      8.699458E+05
    3.669957E+06      8.693560E+05      1.490387E+06      8.693560E+05
    3.665027E+06      8.687633E+05      1.492009E+06      8.687633E+05
    3.660054E+06      8.681678E+05      1.493649E+06      8.681678E+05
    3.655039E+06      8.675693E+05      1.495310E+06      8.675693E+05
    3.649980E+06      8.669680E+05      1.496990E+06      8.669680E+05
    3.644877E+06      8.663637E+05      1.498691E+06      8.663637E+05
    3.639730E+06      8.657565E+05      1.500412E+06      8.657565E+05
    3.634538E+06      8.651463E+05      1.502154E+06      8.651463E+05
    3.629301E+06      8.645332E+05      1.503918E+06      8.645332E+05
    3.624017E+06      8.639171E+05      1.505703E+06      8.639171E+05
    3.618686E+06      8.632980E+05      1.507511E+06      8.632980E+05
    3.613308E+06      8.626759E+05      1.509342E+06      8.626759E+05
    3.607882E+06      8.620508E+05      1.511195E+06      8.620508E+05
